1.0 0.0 0.0 0.0 -1.3877787807814457e-17 1.0 -1.0842021724855044e-19 0.0 -3.5236570605778894e-19 -1.0842021724855044e-19 1.0 0.0
0.9998961547439358 -0.014405979312525963 -0.00038404210048606567 -0.01090004940806466 0.014406004538792108 0.999896226147548 6.300092508245943e-05 0.21918307600991227 0.00038309465693438976 -6.852689497795314e-05 0.9999999242712697 0.0002828717225948907
0.9995648869827738 -0.029487602726600295 -0.0007197197743098398 -0.02661670108341241 0.02948759759297788 0.999565146087684 -1.7745477917118857e-05 0.43664043418165477 0.0007199300729532237 -3.485050455883515e-06 0.9999997408442391 0.0006561033943413008
0.9990045060801088 -0.04460552892561022 -0.0005861918666371872 -0.044483564118991126 0.04460553061260905 0.9990046779343361 -1.02019997255036e-05 0.650503628412153 0.0005860634825314658 -1.595555555534685e-05 0.9999998281374929 0.0009395194778747396
0.9982265420775851 -0.059522063602659984 -0.0009458521593920244 -0.06677296321618087 0.05952211391069429 0.998226986874954 2.5102821498716862e-05 0.8564612564109382 0.000942680979361219 -8.135742267506509e-05 0.9999995523666697 0.0011345856340163607
0.9972078474311182 -0.07467103496817393 -0.0008634573382863437 -0.09051414318332718 0.07467094242214053 0.9972082185004165 -0.00013897126579341006 1.0600170031071485 0.0008714238823112709 7.410806362546853e-05 0.9999996175641318 0.0015164304736874357
0.9958650527035651 -0.09083722472966646 -0.0011812735235225095 -0.12003657350373942 0.09083676661936185 0.995865699666238 -0.0004359568939376594 1.2651425458194723 0.00121599089834701 0.0003268511677878579 0.9999992072669102 0.001957417948426965
0.9942280169671532 -0.10727491351744171 -0.001656263079295399 -0.1530255407558343 0.10727423821221851 0.9942293478712739 -0.0004915764938049213 1.4727672614902616 0.0016994391870912657 0.00031106476251289733 0.9999985075714679 0.002139633331575297
0.9922937092987366 -0.12388876872083954 -0.0021834539129982847 -0.18966162404342413 0.12388814310536239 0.9922961007635202 -0.00042000883301855055 1.6746392994906927 0.0022186671812395985 0.0001462680720167107 0.9999975280577403 0.0021563396931121304
0.9900256117743886 -0.14086931724709634 -0.0022635125543954237 -0.2290162110654137 0.14086857458361432 0.9900281861765919 -0.0004850470772510329 1.8756798682709217 0.0023092694792211012 0.00016135124230503 0.9999973206165345 0.002318572831564225
0.9874136687205721 -0.15814466772337535 -0.002123886635935867 -0.2722970990739668 0.15814387114873818 0.9874159334024876 -0.0005389628780209705 2.07244902984084 0.0021823936103235455 0.00019629965820291463 0.9999975993094046 0.002468973152451426
0.9845245785870177 -0.1752318137939165 -0.0022727939958121905 -0.31749461034894466 0.1752305729955019 0.9845271480236768 -0.0007355895807071619 2.2639931522532635 0.002366526087177541 0.0003259430277718092 0.9999971466536389 0.0026831484957448026
0.9813355976312871 -0.1922906884272172 -0.0021762274309273222 -0.36443046305760163 0.19228891461543995 0.9813378498550864 -0.000998878276449326 2.4476703355100113 0.0023276893392953106 0.0005617703997309487 0.9999971331340691 0.0029698392850470157
0.977778143225781 -0.20963068879217445 -0.002208380959222348 -0.416262294963758 0.20962870384442356 0.9777804467232033 -0.0010975109468044479 2.6346211365804493 0.0023893836965790125 0.0006101821776599336 0.9999969592570065 0.0030631219698609158
0.9737438599339275 -0.22763418848720296 -0.002360396735188484 -0.4734297133942391 0.2276327014108852 0.973746666990774 -0.0008841791338444054 2.819180257967261 0.0024996978532756844 0.00032366051743029997 0.9999968233722101 0.0028217077238732458
0.9692528414519113 -0.2460503925118765 -0.002851961105525045 -0.5360096481726941 0.24605088043956455 0.9692568959713173 -0.0001839754378812283 3.008266412631883 0.0028095501972753554 -0.0005234088250700965 0.9999959162271067 0.002050536554989435
0.9643558375291532 -0.26458876775595486 -0.003256163513918466 -0.6032254617804256 0.26459240326196043 0.9643600581498728 0.0007337446640064661 3.1981603319630096 0.002945973439130935 -0.0015691470795521014 0.9999944294934532 0.0010718403001934718
0.9590203610211785 -0.28331467944857697 -0.003569251428269779 -0.6738504136997108 0.28332223587379046 0.9590230494708185 0.0018169323508185795 3.3907504940773663 0.0029082307825154456 -0.0027537234140862063 0.9999919795683733 -4.994621339449168e-05
0.9533537992700676 -0.3018286444664308 -0.004000349595032864 -0.7492266573337929 0.3018398666098678 0.9533551730653893 0.0025707808924056363 3.5808997052928646 0.0030378186685196267 -0.00365832871902337 0.9999886940804475 -0.0009562327033840745
0.9473762276846024 -0.32009251447954035 -0.004366393506793527 -0.8271869217410313 0.320106165944953 0.9473772865964388 0.0028843309777586337 3.769928684709342 0.0032133692774163726 -0.0041302560855694375 0.9999863075275346 -0.001491493846405234
0.9393715003167965 -0.3428688556383063 -0.0047044899673166374 -0.9119739620068685 0.3428842989777174 0.9393729152646639 0.0029805337993636842 3.9525358256360477 0.003397338242452471 -0.004412924251344249 0.9999844919759613 -0.0018804201152615718
0.9347416553668614 -0.35529150611058785 -0.0050973922440549786 -0.9912021357315552 0.3553094492491363 0.9347433512960618 0.003172141560880422 4.134706330852808 0.0036377185563173106 -0.004776284484517378 0.9999819768926976 -0.0023728735792474254
0.9277416134707845 -0.3731780732011966 -0.005798647813790999 -1.0803460747498548 0.37320030910273083 0.9277447129200169 0.0033581147362534976 4.314116050348517 0.004126490064466189 -0.005279519940116507 0.9999775491224542 -0.0030267072843788156
0.9205799097224612 -0.39048230288309066 -0.007496729320229648 -1.1718863759424494 0.39051388745651455 0.9205911461043133 0.0032932382155965974 4.491441651512034 0.005615471394575273 -0.005959265849260595 0.9999664762538552 -0.0038696830820974526
0.9129836962939067 -0.40789587095788 -0.009040395844600393 -1.268314162949764 0.4079354355271996 0.9130058641687641 0.0029954022570483673 4.6685666962218875 0.007032122208019146 -0.00642265124073248 0.9999546483757603 -0.004551118871429338
0.9050835661144953 -0.4251279420236595 -0.009485318138810463 -1.364291165284044 0.42517011377629854 0.90510884183111 0.0028911573105845204 4.841331009978347 0.007356133557502907 -0.0066496127611442675 0.9999508337659456 -0.005013521484825034
0.8967301831598897 -0.44246840751766114 -0.00983295270080177 -1.4668820325507568 0.44251230694233795 0.8967582428227279 0.002740827259079245 5.016041378892112 0.007605051913124199 -0.006808985113730432 0.9999478990963081 -0.0054528647101594885
0.8880631616236789 -0.45963372456903007 -0.008981102702798897 -1.579136066371575 0.45967187467224613 0.8880848357925679 0.0026630941763326234 5.193297689932194 0.006751933223905488 -0.006493356149955099 0.9999561228992256 -0.00550914009235548
0.8788469517524292 -0.477049029561241 -0.0072290241485038565 -1.6744487058610957 0.477077260731645 0.8788569952069357 0.002769344439415459 5.362138139067824 0.005032165364088521 -0.005882632957463953 0.9999700355216823 -0.005193342899225684
0.8694807477471546 -0.4939299018348029 -0.006039981002656561 -1.7821995525447392 0.493950396010996 0.8694865622862251 0.0024747291294319965 5.527564689855083 0.004029339602305886 -0.005135180342091293 0.9999786969457023 -0.004852030730923218
0.8595941115327406 -0.5109508877434129 -0.0052109243378924254 -1.8958789921831567 0.510965552509861 0.8595990004858347 0.0019397195788552256 5.68972018104941 0.00348820391167029 -0.004329974361407004 0.9999845417582706 -0.004505204773526117
0.8491879941159224 -0.5280672778327591 -0.004969983065796009 -2.01938428542735 0.5280773282050477 0.8491958267624908 0.0008850112916143191 5.858160957176253 0.0037531433749401965 -0.0033760763421058007 0.9999872579304888 -0.004082513775527374
0.8384113671208557 -0.5450177235143492 -0.0046968646749388976 -2.150607543524643 0.5450256871880594 0.8384191888182739 0.0005139323802025274 6.031757588619882 0.0036578392148531817 -0.0029907986465811734 0.9999888376055677 -0.004215159123203804
0.8274036517809846 -0.5615856482569013 -0.004975609647849167 -2.2868513465232354 0.5615957080530398 0.8274113989835945 0.0007984537659710606 6.208130604030401 0.0036684759637571293 -0.0034549245849221227 0.9999873028094989 -0.005143662182783615
0.8157644781159763 -0.5783523679979488 -0.006070805163524389 -2.4296347824619033 0.5783666995521207 0.8157765362133255 0.0007770540360344277 6.377508834193563 0.004503009366523027 -0.004145044626225113 0.9999812705804498 -0.006331439868175082
0.8040547112560015 -0.5945053058668639 -0.007711199853238551 -2.5758279441697596 0.5945233600116853 0.8040783361485202 6.113137477660197e-05 6.546699311043852 0.0061640658210411385 -0.004633641416363681 0.9999702663878464 -0.007372188780573552
0.7922541214058177 -0.610122390023291 -0.00916931337457705 -2.721616804785981 0.6101394012551858 0.7922932681937783 -0.0011349937370698665 6.705049086823735 0.007957270352159117 -0.004695355906322225 0.9999573168298006 -0.008051621415464894
0.7801178715088174 -0.6255575387232224 -0.009688771805373364 -2.869551865760627 0.6255758128160247 0.7801621483199662 -0.00138735299932077 6.865596352605664 0.008426682153857383 -0.004978762428473938 0.9999521003290902 -0.008929424877928582
0.7675506970781854 -0.6409150125559855 -0.009688864492471722 -3.0210064084076294 0.6409372944277207 0.7675925829761461 -0.0010055703268770245 7.024495481503607 0.008081585640558548 -0.00543812838852604 0.9999525562411276 -0.009980931036260188
0.7547241340482735 -0.6559721104511973 -0.009595404904712999 -3.1766640857082393 0.6560041587778239 0.7547572305133616 0.0002581743588072321 7.185548046588323 0.007072846052524348 -0.006489475942033109 0.9999539297141217 -0.011586075498669857
0.7414894826172004 -0.6708951529790161 -0.009645769919328293 -3.3351925524262924 0.6709404106073644 0.7415080428001979 0.0021881217148468 7.343004746034126 0.005684415721563302 -0.00809420606854351 0.9999510844266446 -0.013717583418133117
0.7282698813757066 -0.6852030399105394 -0.010944129858978375 -3.4961290117214503 0.6852695392391154 0.728279513910775 0.003822068667095149 7.494593641806205 0.005351492504432749 -0.010283176320630343 0.9999328066488937 -0.01642459543511343
0.7151909468553089 -0.6988105634982796 -0.012872679574224067 -3.66269278220625 0.6989047874992227 0.7151984156353008 0.004829522069412845 7.643553292805819 0.0058315989977121944 -0.012450807844050662 0.9999054804516063 -0.019172075642739372
0.7026841479757782 -0.7113665932789269 -0.013876532358163917 -3.827524301544031 0.7114804065490037 0.7026809265285975 0.0059284559351892915 7.7895426889488135 0.005533469112418849 -0.014038712891307306 0.9998861411480491 -0.021388203844420417
0.6903977773444909 -0.7232983543245077 -0.013798538663352775 -3.9946597947359805 0.7234155240192319 0.690378906154751 0.006851681877303894 7.933994622299252 0.004570409802730575 -0.014712463017011125 0.9998813203506736 -0.02278357592653002
0.6779828425993737 -0.7349408245681226 -0.014186244182358223 -4.169615016380931 0.7350593247199588 0.6779761619039588 0.00600941196919519 8.07869043832575 0.005201373194777734 -0.014502009278222329 0.9998813116784329 -0.023431032693924436
0.6658231309942598 -0.7459547170692656 -0.015202575936737116 -4.348920962585225 0.7460771660416622 0.6658459811584854 0.004241660799232256 8.219848301463472 0.006958487209338012 -0.014166490645374433 0.9998754372413354 -0.024014564563811902
0.6537011601027852 -0.7565795470601934 -0.016192042813190227 -4.5314546010590675 0.7567010489921038 0.6537570323027574 0.0022945955939622335 8.358394905731842 0.008849617761304178 -0.013752515583805965 0.9998662673480864 -0.0245620386221006
0.6420894590728095 -0.7664512073710983 -0.016543073081271224 -4.715282156940589 0.7665645062820217 0.6421667964460909 0.0008144020905811594 8.49515972860901 0.009999212778362028 -0.0132042516467411 0.9998628223322749 -0.024996756762375227
0.6314149330167006 -0.7752749693915777 -0.01624512845141137 -4.893257809170336 0.7753767316903946 0.6314989477558874 -5.418789165181686e-05 8.627332580072945 0.010300792039267278 -0.01256187956056835 0.9998680377256134 -0.02530888717290658
0.6121956853808227 -0.7905391194143165 -0.016258643139576225 -5.2751632934250665 0.7906229730220172 0.6123002540471395 -0.001927024554350992 8.905911859758476 0.011478559619110719 -0.011674740658519213 0.9998659625667956 -0.026475671560337588
0.6036683166222021 -0.7970632288060286 -0.016576271951955067 -5.468933200082233 0.7971349531329321 0.6037919760741313 -0.003334084919967148 9.043715271259572 0.012666096489235648 -0.011200844334428403 0.9998570453249411 -0.027075253535429056
0.5955335543674267 -0.8031584458200232 -0.016622169848163608 -5.661569258382087 0.8032100146298549 0.5956750586125485 -0.004989683882014142 9.177698019774553 0.013908918750384313 -0.010379569109497696 0.9998493919207501 -0.02736472264444778
0.5881563594414261 -0.8085803232372538 -0.016430390200685124 -5.864650733364783 0.8086155800621063 0.5883058077492238 -0.006092638948490148 9.319243342420094 0.014592481948987043 -0.009702445159438744 0.9998464492253283 -0.027836036770283457
0.5815378377267689 -0.8133521337296769 -0.016493933716894362 -6.07588821637853 0.8133850970389535 0.5816906793931695 -0.006374748782993886 9.468107213130466 0.01477928303428492 -0.009708762253556567 0.9998436441406716 -0.028963096823410694
0.5755795556965702 -0.817565121835631 -0.01718856078984547 -6.282773236530829 0.8176056444064095 0.5757429022294894 -0.006412547632740041 9.609516179780144 0.015138867160931553 -0.010362533003664751 0.9998317021433305 -0.030670703731351168
0.5703552317099909 -0.8211899901964891 -0.018490799391356248 -6.494385297198733 0.8212496933757591 0.5705356101380938 -0.006169172924584509 9.754755960138013 0.015615722566148543 -0.011666943277563594 0.9998099977712235 -0.033005232478767965
0.5656834780294335 -0.8243884322525399 -0.019644730915011073 -6.7130974735871405 0.8244684494808179 0.5658777152085257 -0.005846985640042908 9.904120657465654 0.015936702771270846 -0.012888917665119444 0.9997899265876817 -0.0353065294506969
0.5613825784919759 -0.8273116118697108 -0.02012703235056387 -6.929837260417003 0.8274022705560866 0.5615813755954442 -0.005642806301837108 10.050636039268582 0.015971325691125096 -0.013485379114756274 0.9997815067832564 -0.03702266535484178
0.5578358101795107 -0.8297054314322333 -0.020201631944387476 -7.149216477743948 0.8298009322672546 0.5580328423217595 -0.005455245062224677 10.198518191881945 0.015799420551386317 -0.013720201971758831 0.9997810432130079 -0.038421201829825335
0.5551767494249691 -0.8314972736357785 -0.019775258132114823 -7.366771901508059 0.8315837779433608 0.5553700793166502 -0.005700461495738628 10.34488514179509 0.01572250486951225 -0.01328002018388285 0.9997881995225505 -0.03919961317056142
0.552860204099973 -0.8330439904289777 -0.019578169799580523 -7.591674581126085 0.8331239181773642 0.5530539648199886 -0.005987399910400105 10.494529399935487 0.01581555194523078 -0.013000846397676305 0.999790401188975 -0.040175432204430095
0.5507341810291808 -0.8344455664068706 -0.019810566625777865 -7.816661645424574 0.8345204981247747 0.5509383528640664 -0.006516866809069811 10.64213411226065 0.016352371561802297 -0.012943262623708861 0.999782512298029 -0.04137202558076147
0.548906176289844 -0.8356412251561379 -0.020143297903038773 -8.047345212590244 0.8357098960823379 0.5491242738446512 -0.0071764520921892986 10.792689603179312 0.017058113052434067 -0.012894754520053238 0.9997713469013587 -0.042617090062645246
0.5471592243778646 -0.836795746920301 -0.01973983572142454 -8.278437498339827 0.8368580088202413 0.5473716286701114 -0.007278269055907119 10.945230824072397 0.016895450619441303 -0.012537067564826462 0.9997786583465564 -0.043552569684901954
0.546104829306338 -0.8375022772998283 -0.018959191066487704 -8.505857825198632 0.8375540045628374 0.5463050454214919 -0.007354372017695692 11.095818356904815 0.0165168050496626 -0.011863088325629746 0.999793209762063 -0.044175514211499234
0.5446356701883975 -0.8384761958328116 -0.018156425313656754 -8.733819753415673 0.8385122260171263 0.5448273584717587 -0.007771504390304823 11.243821797625984 0.016408338680010175 -0.010991746104282291 0.9998049549483841 -0.04463333079054799
0.5438425684701609 -0.8390003596104925 -0.017710372476121405 -8.962570328897414 0.839025963267908 0.5440306974502676 -0.008126081105606545 11.393943070831 0.01645277126011627 -0.010440153506541297 0.9998101367322811 -0.04539346457051785
0.5431900566061769 -0.8394305513455466 -0.017346811577089515 -9.19825833622383 0.8394614692801224 0.5433664897584634 -0.0075696368225059455 11.549371899176407 0.015779860526546313 -0.010450228479723793 0.9998208783209547 -0.04668118361571949
0.5435386954177164 -0.839208954890752 -0.017146912689397872 -9.429262059545067 0.8392535278200987 0.5437010517476119 -0.006533174577410086 11.70459215508366 0.014805493072677258 -0.010839573779058712 0.9998316363344194 -0.04828134750967372
0.543784683158993 -0.839046028836755 -0.017319926528326864 -9.660409425320495 0.8391056318446347 0.5439394250506175 -0.005624987308556081 11.858392434867113 0.014140614141238166 -0.011474465951697831 0.999834176082631 -0.050118011645192695
0.5440018414067944 -0.8389026836067801 -0.017443737654512414 -9.891513282488063 0.8389760765326579 0.5441477587096497 -0.004728604142062464 12.012486762998037 0.013458809452712394 -0.012062509216882044 0.9998366648205635 -0.05191219370871991
0.5442961324124702 -0.8387070264584208 -0.01767042755843493 -10.119799199145632 0.8387909705629656 0.5444378427500247 -0.004140420719565314 12.163592050875593 0.01309304941037838 -0.012568180097782366 0.9998352928888661 -0.05362678515970032
0.5443121699471705 -0.8386909682708239 -0.01793659355477969 -10.347732770184848 0.8387806464368762 0.5444550831256237 -0.003961012699423914 12.313664528802605 0.013087735111070982 -0.012888840119141891 0.9998312802618473 -0.0551794460798245
0.544933456613264 -0.8382858232995618 -0.01801128308857489 -10.577885534078177 0.8383786408460557 0.5450751483746131 -0.0037864491961376616 12.466967083631772 0.012991629483688337 -0.013036912186951148 0.9998306138961686 -0.05658490995654475
0.5453693118475557 -0.8379993946756008 -0.018147402520724863 -10.814465749575334 0.8380983500251874 0.5455082909415689 -0.003443863973184726 12.625182258088628 0.012785514458983259 -0.0133311303847101 0.9998293912376671 -0.058155071063639596
0.5454119460599085 -0.837958262353239 -0.018755256572091518 -11.056385302688454 0.8380652864149376 0.5455589974996116 -0.0034577382012580355 12.785128654051803 0.013129539268116839 -0.013832237749561679 0.999818125659586 -0.05995834792039645
0.545634702914674 -0.8377937900164826 -0.019604499101831766 -11.29357662487564 0.8379116990223909 0.5457943318612388 -0.003540049371753843 12.942186416654025 0.013665855868765647 -0.014495265363638597 0.999801546140739 -0.06189015646231333
0.5459884616125735 -0.8375457414291174 -0.020340373641737793 -11.535340410948493 0.837674833613941 0.5461579646112803 -0.003514373560063844 13.1021504680472 0.014052505676627013 -0.015119811692396937 0.999786936491268 -0.06381013057373863
0.5460779165404112 -0.8374748528952819 -0.020851374892554564 -11.77804113214222 0.8376136621574738 0.546252615247538 -0.0033813166623745195 13.262697943271277 0.014221885740979247 -0.015618934126618161 0.9997768685375348 -0.06561383699822443
0.5459890614344982 -0.8375241077408718 -0.02119702211946255 -12.021200000212161 0.8376742245058093 0.5461621236185109 -0.0029712494189129534 13.424467880620512 0.01406550363360487 -0.016133929384233196 0.9997709027222977 -0.0674242428052203
0.545840196201033 -0.8376082980114157 -0.021698371220798828 -12.265375431892721 0.8377744374781699 0.5460111189772416 -0.002418648662956042 13.586572936454758 0.013873432140318151 -0.01685814508296797 0.9997616370040453 -0.06943287955939859
0.5457830718958663 -0.8376152523838216 -0.02283697453471756 -12.508096319901483 0.837807387817464 0.5459623162337219 -0.0019824659360742213 13.74614034250689 0.014128671218132058 -0.01805098963206615 0.9997372366891781 -0.07188179255942906
0.545794312060559 -0.8375732369527574 -0.024075748437370273 -12.751355766431175 0.8377924108402872 0.5459862264585608 -0.0017078805459770758 13.905607466958415 0.014575502075708057 -0.01923832783845556 0.9997086783064453 -0.07433758697072079
0.5457911814228908 -0.8375496585294436 -0.024951067676867947 -12.991872470351154 0.8377820793200466 0.5460012105906766 -0.001966113855523046 14.06325282589441 0.015270031145423149 -0.019830469755563816 0.9996867402432073 -0.07623594060220462
0.5451865831505791 -0.8379233696355304 -0.025612812638083737 -13.240429021278146 0.8381596071100352 0.5454189655510746 -0.0025739126530694477 14.223709713214006 0.01612645533732462 -0.02006436233306425 0.9996686244963474 -0.0778532838633943
0.5452891856300855 -0.8378356522708179 -0.026289233895501453 -13.493175535875366 0.8380677142908106 0.5455541436973402 -0.0036307792606150462 14.388664343592225 0.017384196796388144 -0.02005233349503601 0.9996477847837956 -0.07928098134384243
0.5453213085158044 -0.8377932887403333 -0.02696434349778589 -13.744277927084227 0.8380220228194578 0.5456172708038499 -0.004569799792246203 14.55323142288799 0.018540759105110324 -0.020104704479650286 0.999625950598318 -0.08075736710845938
0.5450956451569386 -0.8379263265988226 -0.027389940188774064 -13.996219688028873 0.8381572294432389 0.5454065399952891 -0.004915776886844926 14.719054704024245 0.019057711378210548 -0.02027750780965658 0.9996127381711652 -0.08232711335235621
0.545361013112891 -0.8377369504925021 -0.027895647617576833 -14.250806852976211 0.8379734639123011 0.5456866327103387 -0.0051548676095010655 14.888127972723836 0.01954070508708568 -0.020564548640197453 0.9995975491086022 -0.0840171244160306
0.5452196360010086 -0.83780606401044 -0.028575297483341457 -14.50304897453475 0.8380529500599994 0.54556269620819 -0.005347653857731957 15.053906368460261 0.020069913170199533 -0.021031966464984377 0.9995773381644644 -0.08586468664359437
0.5454576810024732 -0.8376288251495916 -0.02922104573621957 -14.74448514679682 0.8378894014241768 0.5458138619201142 -0.005345943965697533 15.213563105417663 0.020427168585933075 -0.021568018322610974 0.9995586783021777 -0.08771119180446263
0.5455164317994796 -0.837565140186393 -0.029940918177471246 -14.991259761476613 0.8378405969608468 0.5458883804584044 -0.005386108501532145 15.376210144715472 0.020855616055482293 -0.022147506068327744 0.9995371585158292 -0.08963108089027294
0.5456403041044825 -0.8374587507253998 -0.030651253974656824 -15.2367258508865 0.8377459865772029 0.546031629972372 -0.005578623799960469 15.538732145158875 0.02140842148676091 -0.022634043014132382 0.9995145719729541 -0.09146220886197831
0.5460574379954894 -0.8371678334804191 -0.031165573883715963 -15.486890843564538 0.8374545229384367 0.5464726392175383 -0.006129975250524421 15.705187229973262 0.022162951512733585 -0.022752432228612847 0.9994954379125123 -0.0929853483401164
0.5464781899808369 -0.8368787383413909 -0.03155257814174021 -15.73344286580243 0.837154695159991 0.5469216287879278 -0.00698200082664946 15.868885640340764 0.023099875472643874 -0.022598877761568204 0.9994777068434627 -0.09424437446750034
0.5466583298773166 -0.8367498680127097 -0.03184852832475262 -15.981796803719135 0.8370033909684426 0.547136203811563 -0.008203534969546124 16.033567499545597 0.024289789687595598 -0.022172795479630227 0.9994590403100806 -0.09527153266908428
0.5467821086676977 -0.836666493446637 -0.03191401548870325 -16.23402424515166 0.8369013484912623 0.5472794960938311 -0.009015877593894692 16.20185865644784 0.025009169006816226 -0.02177916203598719 0.9994499535077267 -0.09632920564541614
0.5470840880039685 -0.8364693691547163 -0.031906035773456895 -16.48165372488029 0.836703724610291 0.5475814877229199 -0.009021725246315452 16.368893775787086 0.02501755136164289 -0.0217602566405977 0.9994501555129217 -0.09767599498580459
0.5472117992300386 -0.8363756496402255 -0.03217171851662929 -16.724333420167227 0.836616702199563 0.5477150644436329 -0.008983417068867985 16.529732207522784 0.025134446167561598 -0.021999565231985936 0.9994419836816202 -0.0992444898408138
0.5470985943440458 -0.8364310400182515 -0.032653382072228565 -16.96931523640683 0.8366980928544316 0.5476003252114788 -0.008377663280371523 16.693279507234465 0.024888340252530908 -0.02273761470050174 0.9994316241730625 -0.10127080396051724
0.5469892853171152 -0.8364910774684351 -0.03294539518607724 -17.212483871578456 0.8367991648401243 0.5474655129100765 -0.006976381366885579 16.857698195514814 0.023872148439987785 -0.023752673319064915 0.9994328046642535 -0.10350907900076578
0.5470787832257978 -0.8364051140318134 -0.03363465720963957 -17.462491059066565 0.8367638254565525 0.5475359930770304 -0.005535042228045553 17.026922022077414 0.02304572306300485 -0.02511616026743525 0.9994188677135949 -0.10612414015997906
0.5472979602321134 -0.8362184699550985 -0.034693129459863095 -17.710498286614666 0.8366224830644129 0.5477593320005525 -0.004747108324154611 17.193049342035494 0.022973105077479017 -0.026426969411175134 0.9993867378201677 -0.10871857790414552
0.547371821942764 -0.8361088033717987 -0.036140800589306084 -17.960096031001513 0.8365620766844664 0.5478551448548746 -0.004316492721526448 17.358856174628613 0.023408981106184012 -0.027871296708644504 0.9993373856828068 -0.11147415587181975
0.5477510252678777 -0.835804070702557 -0.03742151406642158 -18.212384957280392 0.8363024511473837 0.5482541938516041 -0.003943238390596309 17.528024679597195 0.023812276725803435 -0.029135791068069895 0.9992917897971398 -0.11407668753402689
0.547744854457577 -0.8357899279392335 -0.03782553067147774 -18.45499283181175 0.8363162193701527 0.5482376362074082 -0.00326733287692357 17.690661223273707 0.023468183433379208 -0.02984444003570505 0.9992790169743848 -0.11606776749590075
0.5471623187243382 -0.8361750911523701 -0.03774405787047858 -18.696343309192116 0.8367166553846321 0.5476302662800943 -0.002515960243386308 17.85105751292501 0.022773571747950777 -0.030204443221441356 0.9992842718863949 -0.11770692992929277
0.5467770667051997 -0.8364289663722001 -0.03770177102988795 -18.93463759490146 0.8369742565393714 0.5472374093465997 -0.0023047129946529854 18.00942803689793 0.02255954821407675 -0.030295247567144377 0.9992863777512536 -0.11909647576019466
0.5465228115001676 -0.8366096931503445 -0.03737696933724704 -19.171628256365693 0.8371445662656726 0.5469766967521046 -0.0023384571866945894 18.167321450858495 0.022400707172097876 -0.030011906587909934 0.999298500840038 -0.12012712377569557
0.5463716685583317 -0.8367529519372933 -0.03636615488345779 -19.408725917572042 0.8372638707464437 0.5467951490742172 -0.0020677745486850146 18.326352446748487 0.021615053538309396 -0.029318294171521115 0.9993363933568142 -0.12074388905880795
0.5461715062460526 -0.8369177648606354 -0.035571626693113104 -19.64214914120339 0.8374051949596039 0.5465785908060169 -0.002093687458656084 18.481821508661156 0.02119493381881468 -0.028644352553073994 0.9993649362706444 -0.12137680237190906
0.5458820618819327 -0.8371154141541405 -0.03536322809178378 -19.87597175366011 0.837590546438928 0.5462932541890808 -0.0023993631743246353 18.63615775272615 0.021327236850272237 -0.028310136224437715 0.9993716451627422 -0.12235680864102427
0.5460332805628421 -0.837037054488718 -0.03488016528959322 -20.114659424874844 0.8375009439763937 0.5464311016331386 -0.0022847333852491917 18.79633817073858 0.020972013647419435 -0.02796463089052794 0.999388890303833 -0.12333227668156255
0.546318029668076 -0.8368810607408252 -0.03415699976434313 -20.344121211991705 0.8373287612442278 0.5466956816494405 -0.002092190015164899 18.951755122925732 0.020424398468429923 -0.027457637173720715 0.9994142895256393 -0.12409647949892744
0.54673784758638 -0.8366146183574902 -0.0339662533577212 -20.813317928601577 0.8370337476860064 0.5471418765330328 -0.003205023966862965 19.26492940179793 0.0212657295038037 -0.026678592437760384 0.9994178412727124 -0.12598498870593033
0.5465976666285289 -0.8366882053419228 -0.03440694519946789 -21.053181840670504 0.8370981531516208 0.5470368504572457 -0.004167281123404735 19.422058082206036 0.02230858190006876 -0.026524164143825465 0.9993992174752182 -0.12720833188490843
0.5464938194854472 -0.8367515047741821 -0.034517017865820794 -21.292099109158016 0.837166969210441 0.5469323845536543 -0.004053688377026937 19.581228282934674 0.022270404738397358 -0.026681191588746617 0.9993958890690879 -0.12867132138911686
0.5463674039721738 -0.8368380622057233 -0.034419725746674144 -21.521799881977472 0.8372676891966209 0.5467833027189268 -0.0032918832197411335 19.735593898785424 0.021574904497061884 -0.02701994654974978 0.9994020442166358 -0.13022542128069325
0.5460158485565776 -0.8370612392927369 -0.03457130021780453 -21.74764352115949 0.8375087428403197 0.5464174677877772 -0.0026564190975678905 19.88612684144543 0.021113947785034837 -0.027503319256088295 0.9993987035406992 -0.13190546617912347
0.5454320630809779 -0.8374264683281591 -0.03493958652664989 -21.980429085273386 0.837893585392239 0.5458290888161885 -0.0022238166800398517 20.040692870746696 0.02093332562603073 -0.02806271450722904 0.9993869520524665 -0.1337068657960021
0.5455098668629247 -0.8373674037694148 -0.035139952470974956 -22.20355465305738 0.8378599579276484 0.5458837734629008 -0.0012636341961534104 20.191108932351867 0.020240455940310046 -0.028753034176803575 0.999381602276605 -0.13555957403708696
0.5457938437030301 -0.8371547159084066 -0.03579192378436746 -22.426110557327434 0.8376796682004698 0.5461615323746846 -0.00059501066061525 20.34024481747386 0.020046287921257896 -0.029657413684443967 0.999359086692129 -0.13763422504512768
0.5453637874395447 -0.8373981153005315 -0.03664336011764725 -22.64894694115685 0.8379575526647269 0.5457353867983931 -0.00016591608831703283 20.486396584985826 0.020136516127051765 -0.03061509573927424 0.9993283927874455 -0.1397741990155179
0.5450245433553877 -0.8375905836649455 -0.03728620785311697 -22.8688958885449 0.8381730098913887 0.5454044417413237 -2.045589369551338e-05 20.62979101954575 0.020353197042720046 -0.031241144099562673 0.9993046273711981 -0.14159180242915959
0.545327598625717 -0.8373688579954427 -0.037831281190523064 -23.09213502448722 0.8379647899803339 0.5457242662221045 -0.00018976185050602248 20.777539127327657 0.020804348831989637 -0.0315977992232564 0.9992841228369053 -0.14318175484993567
0.5457264491047997 -0.8370960332004459 -0.038116583628990626 -23.306811086020616 0.8376956547397936 0.5461371630589884 -0.0004349206245175506 20.920820138221686 0.021180953178178304 -0.03169274879147097 0.9992732043322817 -0.14447223071422677
0.5463483598122763 -0.8367105421209686 -0.03766879921193685 -23.52229164318419 0.8373010350893785 0.546742118005128 -0.00018176226418904155 21.066641891461998 0.020747201466451013 -0.03144081905581326 0.9992902624004742 -0.14540418833360214
0.547057513980458 -0.8362556457287625 -0.037477611774104316 -23.742169411819418 0.8368394079467543 0.5474484129410622 -0.0002011855779403696 21.215116020076337 0.020685301661946532 -0.031252682366183004 0.9992974472798736 -0.14643652507127491
0.547533049605018 -0.835913159099429 -0.03816739491555015 -23.959194181682392 0.8364896547998754 0.5479805769447436 -0.00153124266177733 21.35767184745599 0.022194976977055175 -0.03108822503323084 0.9992701863166283 -0.1475434132043727
0.5475643677414992 -0.8358878177421567 -0.038272958209494244 -24.178360541662187 0.8364414375557024 0.5480497575086126 -0.0026804541590893954 21.499671586258927 0.023216044443449727 -0.030545366997376863 0.9992637268686348 -0.1482869967889613
0.5477559840875383 -0.8358543489586079 -0.0362062042096871 -24.39824743349277 0.8363630204679178 0.5481726025557352 -0.001922446631969652 21.647795722551066 0.021454134568261268 -0.02922849866574184 0.9993424913290102 -0.14817856236724758
0.5481195230216231 -0.8356876139189605 -0.034513771526511826 -24.618119212338684 0.8361511073149657 0.5484963249396554 -0.0017627432172019467 21.79483551121183 0.020403779515233977 -0.027892534308086248 0.9994026677527769 -0.14809030106345134
0.5488472119562429 -0.835190156187839 -0.03498772548753226 -24.838045523813435 0.8356415631529468 0.5492672417110745 -0.0029453547164990917 21.93901918578497 0.021677542737982593 -0.02762064789319498 0.9993834018787792 -0.1491043385836015
0.5494079289059124 -0.8347891352316217 -0.035749508451963764 -25.052175189069885 0.8352452407915237 0.5498653524262359 -0.0036717756305250206 22.080537985723467 0.022722574467374284 -0.027842304150565135 0.9993540367203018 -0.15054198832777566
0.5496913575351203 -0.8346049899974425 -0.03569204564836407 -25.265033068355024 0.8350721149142925 0.5501317397743102 -0.003103511794858115 22.22407072396132 0.02222553359914313 -0.028099458433555036 0.9993580169748847 -0.151936203533646
0.5498497980442751 -0.8345139460791777 -0.0353789964530949 -25.47993382547122 0.8349864393313322 0.5502650588840214 -0.002451755319553678 22.369162347023277 0.02151384957306122 -0.028192885108174987 0.9993709599071927 -0.15317822588539087
0.550114290546495 -0.8343402801269748 -0.03536331848351269 -25.691209336313364 0.8348134141886457 0.550527770513327 -0.002395283766244755 22.51115256090621 0.021466970611193226 -0.028204092810536423 0.9993716517499943 -0.15435152311325062
0.5503009109227902 -0.8342052795700752 -0.035643498354658736 -25.900989333903794 0.8346709532254043 0.550740259177463 -0.0030930184181310262 22.650477835346265 0.02221052181604863 -0.028048501894972676 0.9993597821916317 -0.15539362340422436
0.550534235945441 -0.8340444129090556 -0.035804641419208326 -26.10554058177172 0.8344895169586781 0.5510078894944164 -0.004189486959135768 22.78538464654082 0.023222858093724884 -0.027572141920742633 0.9993500266932808 -0.15611899081925884
0.5513996172017914 -0.8334715622640337 -0.03582760174597447 -26.314860087630564 0.8339038941863097 0.5518893360434768 -0.004738778576532659 22.92595182073309 0.02372250852302198 -0.027263815922220196 0.9993467500976494 -0.15700772557305775
0.5518406358946701 -0.8331827686849177 -0.03575453176732921 -26.52964264456557 0.8336299326347043 0.5523088472719403 -0.0040090697922532635 23.07218711136079 0.023087832094522216 -0.027593680285080885 0.9993525608200041 -0.15847258692585697
0.5527486854661485 -0.832575885526613 -0.035864823365258744 -26.73317355801123 0.8330351821830604 0.5532083527983752 -0.0035921636020315425 23.210899107394397 0.022831468649217354 -0.02789109595703932 0.9993501942790799 -0.159864274603704
0.5537837244332631 -0.8318589524305828 -0.03652765820465204 -26.941811799550237 0.8323024858108709 0.5542990654297184 -0.005011803745637348 23.349908524204693 0.024416360618808388 -0.02762660538019414 0.999320074855548 -0.1608409230918202
0.555221478079971 -0.8308798373005314 -0.036983864672777055 -27.143082945509263 0.831304701606953 0.5557821745514341 -0.0062183226881251585 23.48512259009847 0.025721651674543638 -0.027292314271995792 0.9992965156632998 -0.1617029656730491
0.5566736392065659 -0.8299279708021403 -0.03652427538989077 -27.34258463671779 0.8303332033360606 0.5572297816444906 -0.006460796089245643 23.621833258792734 0.025714409388346158 -0.026730763712844555 0.9993118809566579 -0.16227633309796374
0.5583341275108091 -0.8288415460650417 -0.035842622298803355 -27.536020288812097 0.829220770482576 0.5588806711892423 -0.006731208758062993 23.757929732485138 0.02561085428145721 -0.02596318330970347 0.9993347773671245 -0.16261468479388164
0.5597159917570297 -0.8279322965036295 -0.03530043877447979 -27.7332266148087 0.8282968471697282 0.5602491537648406 -0.006724483211973132 23.896090156077904 0.02534445777941889 -0.02547544135056659 0.9993541215944732 -0.16322887434866118
0.5615066247783619 -0.8267336529093823 -0.03495393364302468 -27.92148179608546 0.8270967170790381 0.5620233159868379 -0.006388496242189636 24.030668804613 0.024926510527739924 -0.0253231008027831 0.9993685054266233 -0.16410024868443607
0.5632384066630101 -0.8255774499836935 -0.03441469654283657 -28.1106251683899 0.8259506230758695 0.5637168821009335 -0.005370761117820646 24.165957104115876 0.02383412470169955 -0.025399821117953893 0.999393207694989 -0.16516088297433384
0.5647847602840886 -0.8245399483023376 -0.033941835607737156 -28.298407691362172 0.8249315311534214 0.5652183859296009 -0.0040180985562716055 24.300561935425605 0.022497632313554946 -0.025730329588146635 0.9994157326556198 -0.16644285408484016
0.5668561347221791 -0.8231135726295018 -0.03403188329978472 -28.487655661701524 0.8235281890949161 0.5672672214069697 -0.0030366565932040245 24.436605110609662 0.02180468513599622 -0.026304867806458954 0.9994161343683652 -0.1679936331021583
0.5688178638556568 -0.8217595011505199 -0.03402293384667783 -28.671387471279445 0.8221877036873335 0.5692116057777805 -0.0023511174426918023 24.569565198236006 0.0212983019049914 -0.02663588025068038 0.9994182869145602 -0.1692924296566929
0.5711738328337951 -0.8201259560072168 -0.03396864685562276 -28.854164991405355 0.8205513581905745 0.5715679231366363 -0.0023617393753621236 24.701853083206117 0.021352312698088863 -0.026524055582097132 0.9994201084718689 -0.1701943757260782
0.5734356028355286 -0.8185478550755337 -0.03392666137267937 -29.03408736892061 0.818972432622892 0.5738282638900863 -0.002297425653057051 24.83255405593141 0.021348630035576823 -0.02646757473082575 0.9994216845173373 -0.171129400678673
0.5755252196524376 -0.8170825028925618 -0.03386598604555207 -29.214089204530296 0.8175085033950062 0.5759126682712477 -0.0021084120911755485 24.963969938922943 0.021226597015717417 -0.026472287236203807 0.9994241589973766 -0.17211582620674903
0.5778172026921728 -0.8154638845567345 -0.03385163595208717 -29.394439643774035 0.8158921742460898 0.5782008557439242 -0.0019314297764077238 25.097392305027242 0.0211480561040466 -0.02650327150813523 0.9994250028503316 -0.17312911172770917
0.5800138235284789 -0.8139120103174322 -0.03363337593682028 -29.569000578988266 0.8143435889950051 0.5803812698354184 -0.001449374678409851 25.22827878215857 0.020699844893271535 -0.02654846672145866 0.9994331870295938 -0.1741070785438179
0.5821434440240236 -0.8124038019454027 -0.033302750104188004 -29.740534875147432 0.8128397314554033 0.5824869061315536 -0.0007583882892268235 25.358201689516548 0.020014533403379497 -0.026628307680816605 0.9994450218409713 -0.17509058897677576
0.5842719798092426 -0.8108826081380924 -0.033100595598146536 -29.915767291501197 0.8113299210109661 0.584588521381044 0.000141215661440576 25.491100287538757 0.019235718913693505 -0.02693801196615013 0.9994520151709055 -0.17630761184379296
0.5863237212683112 -0.8094050412480412 -0.03298443694134286 -30.08719495548587 0.809861260654263 0.5866208915171766 0.0008173904098490855 25.621497625198685 0.018687759886322982 -0.02719207307011869 0.999455531173139 -0.17746011278697083
0.588393347939661 -0.8079096909944987 -0.032790231739467456 -30.259016493912327 0.8083697811222699 0.5886734782386029 0.0013538784272585603 25.75279611336738 0.01820892826851159 -0.027303245514699793 0.9994613387798819 -0.17848242579179185
0.5904040494927936 -0.8064518410444406 -0.03253438824602182 -30.432588625094922 0.8069143011469251 0.590665429771411 0.001913289712448315 25.886239511845787 0.017673962404631094 -0.02738207714886381 0.9994687853574685 -0.1794808095520377
0.5921212457108358 -0.8052020660099349 -0.0322810048043333 -30.60203132927552 0.8056677392756411 0.5923623035434054 0.002528879440590594 26.017065316924032 0.017085791416337044 -0.027505167406868383 0.9994756332685628 -0.1804951656600995
0.5939820467516876 -0.8038359248265065 -0.03214240337920871 -30.773099239003727 0.8043044984067631 0.594209998200674 0.002958357821639961 26.149661167638712 0.016721303158599266 -0.02760949106142387 0.9994789212504723 -0.18150817498309735
